procs -----------memory---------- ---swap-- -----io---- --system-- -----cpu-----
 r  b   swpd   free   buff  cache   si   so    bi    bo   in   cs us sy id wa st
 5  0      0 10713480 366716 5460532    0    0     0     1    1    0 15 15 70  0  0	
 6  0      0 10711920 366716 5460544    0    0     0    74 4560 285242 30 22 47  1  0	
 5  0      0 10712488 366716 5460544    0    0     0     4 4564 274869 30 23 48  0  0	
 4  0      0 10712744 366716 5460544    0    0     0     2 4326 294268 30 21 49  0  0	
 4  0      0 10713628 366716 5460544    0    0     0    28 4414 285431 30 22 49  0  0	
 4  0      0 10713636 366716 5460544    0    0     0     2 4518 264404 29 23 48  0  0	
 5  0      0 10713760 366716 5460544    0    0     0     0 4591 290792 30 22 48  0  0	
 4  0      0 10713884 366716 5460544    0    0     0     2 4498 290130 30 22 48  0  0	
 5  0      0 10713876 366716 5460544    0    0     0     3 4634 266204 30 23 47  0  0	
 5  0      0 10713884 366716 5460544    0    0     0     0 4548 267614 30 23 48  0  0	
