1234567890
2345678901
3456789012
4567890123
5678901234
6789012345
7890123456
8901234567
9012345678
9876543210
8765432109
7654321098
6543210987
5432109876
4321098765
3210987654
2109876543
1098765432
1234567890
2345678901
3456789012
4567890123
5678901234
6789012345
7890123456
8901234567
9012345678
9876543210
8765432109
7654321098
6543210987
5432109876
4321098765
3210987654
2109876543
1098765432
1234567890
2345678901
3456789012
4567890123
5678901234
6789012345
7890123456
8901234567
9012345678
9876543210
8765432109
7654321098
6543210987
5432109876
4321098765
3210987654
2109876543
1098765432
1234567890
2345678901
3456789012
4567890123
5678901234
6789012345
7890123456
8901234567
9012345678
9876543210
8765432109
7654321098
6543210987
5432109876
4321098765
3210987654
2109876543
1098765432
1234567890
2345678901
3456789012
4567890123
5678901234
6789012345
7890123456
8901234567
9012345678
9876543210
8765432109
7654321098
6543210987
5432109876
4321098765
3210987654
2109876543
1098765432
1234567890
2345678901
3456789012
4567890123
5678901234
6789012345
7890123456
8901234567
9012345678
9876543210
8765432109
7654321098
6543210987
5432109876
4321098765
3210987654
2109876543
1098765432
1234567890
2345678901
3456789012
4567890123
5678901234
6789012345
7890123456
8901234567
9012345678
9876543210
8765432109
7654321098
6543210987
5432109876
4321098765
3210987654
2109876543
1098765432
1234567890
2345678901
3456789012
4567890123
5678901234
6789012345
7890123456
8901234567
9012345678
9876543210
8765432109
7654321098
6543210987
5432109876
4321098765
3210987654
2109876543
1098765432
1234567890
2345678901
3456789012
4567890123
5678901234
6789012345
7890123456
8901234567
9012345678
9876543210
8765432109
7654321098
6543210987
5432109876
4321098765
3210987654
2109876543
1098765432
1234567890
2345678901
3456789012
4567890123
5678901234
6789012345
7890123456
8901234567
9012345678
9876543210
8765432109
7654321098
6543210987
5432109876
4321098765
3210987654
2109876543
1098765432
1234567890
2345678901
3456789012
4567890123
5678901234
6789012345
7890123456
8901234567
9012345678
9876543210
8765432109
7654321098
6543210987
5432109876
4321098765
3210987654
2109876543
1098765432
1234567890
2345678901
3456789012
4567890123
5678901234
6789012345
7890123456
8901234567
9012345678
9876543210
8765432109
7654321098
6543210987
5432109876
4321098765
3210987654
2109876543
1098765432
1234567890
2345678901
3456789012
4567890123
5678901234
6789012345
7890123456
8901234567
9012345678
9876543210
8765432109
7654321098
6543210987
5432109876
4321098765
3210987654
2109876543
1098765432
1234567890
2345678901
3456789012
4567890123
5678901234
6789012345
7890123456
8901234567
9012345678
9876543210
8765432109
7654321098
6543210987
5432109876
4321098765
3210987654
2109876543
1098765432
1234567890
2345678901
3456789012
4567890123
5678901234
6789012345
7890123456
8901234567
9012345678
9876543210
8765432109
7654321098
6543210987
5432109876
4321098765
3210987654
2109876543
1098765432
1234567890
2345678901
3456789012
4567890123
5678901234
6789012345
7890123456
8901234567
9012345678
9876543210
8765432109
7654321098
6543210987
5432109876
4321098765
3210987654
2109876543
1098765432
1234567890
2345678901
3456789012
4567890123
5678901234
6789012345
7890123456
8901234567
9012345678
9876543210
8765432109
7654321098
6543210987
5432109876
4321098765
3210987654
2109876543
1098765432
1234567890
2345678901
3456789012
4567890123
5678901234
6789012345
7890123456
8901234567
9012345678
9876543210
8765432109
7654321098
6543210987
5432109876
4321098765
3210987654
2109876543
1098765432
1234567890
2345678901
3456789012
4567890123
5678901234
6789012345
7890123456
8901234567
9012345678
9876543210
8765432109
7654321098
6543210987
5432109876
4321098765
3210987654
2109876543
1098765432
1234567890
2345678901
3456789012
4567890123
5678901234
6789012345
7890123456
8901234567
9012345678
9876543210
8765432109
7654321098
6543210987
5432109876
4321098765
3210987654
2109876543
1098765432
1234567890
2345678901
3456789012
4567890123
5678901234
6789012345
7890123456
8901234567
9012345678
9876543210
8765432109
7654321098
6543210987
5432109876
4321098765
3210987654
2109876543
1098765432
1234567890
2345678901
3456789012
4567890123
5678901234
6789012345
7890123456
8901234567
9012345678
9876543210
8765432109
7654321098
6543210987
5432109876
4321098765
3210987654
2109876543
1098765432
1234567890
2345678901
3456789012
4567890123
5678901234
6789012345
7890123456
8901234567
9012345678
9876543210
8765432109
7654321098
6543210987
5432109876
4321098765
3210987654
2109876543
1098765432
1234567890
2345678901
3456789012
4567890123
5678901234
6789012345
7890123456
8901234567
9012345678
9876543210
8765432109
7654321098
6543210987
5432109876
4321098765
3210987654
2109876543
1098765432
1234567890
2345678901
3456789012
4567890123
5678901234
6789012345
7890123456
8901234567
9012345678
9876543210
8765432109
7654321098
6543210987
5432109876
4321098765
3210987654
2109876543
1098765432
1234567890
2345678901
3456789012
4567890123
5678901234
6789012345
7890123456
8901234567
9012345678
9876543210
8765432109
7654321098
6543210987
5432109876
4321098765
3210987654
2109876543
1098765432
1234567890
2345678901
3456789012
4567890123
5678901234
6789012345
7890123456
8901234567
9012345678
9876543210
8765432109
7654321098
6543210987
5432109876
4321098765
3210987654
2109876543
1098765432
1234567890
2345678901
3456789012
4567890123
5678901234
6789012345
7890123456
8901234567
9012345678
9876543210
8765432109
7654321098
6543210987
5432109876
4321098765
3210987654
2109876543
1098765432
1234567890
2345678901
3456789012
4567890123
5678901234
6789012345
7890123456
8901234567
9012345678
9876543210
8765432109
7654321098
6543210987
5432109876
4321098765
3210987654
2109876543
1098765432
1234567890
2345678901
3456789012
4567890123
5678901234
6789012345
7890123456
8901234567
9012345678
9876543210
8765432109
7654321098
6543210987
5432109876
4321098765
3210987654
2109876543
1098765432
1234567890
2345678901
3456789012
4567890123
5678901234
6789012345
7890123456
8901234567
9012345678
9876543210
8765432109
7654321098
6543210987
5432109876
4321098765
3210987654
2109876543
1098765432
1234567890
2345678901
3456789012
4567890123
5678901234
6789012345
7890123456
8901234567
9012345678
9876543210
8765432109
7654321098
6543210987
5432109876
4321098765
3210987654
2109876543
1098765432
